21 16 1 0
11 11 1 0
6 5 1 0
23 12 1 0
26 8 1 0
7 12 1 0
8 5 1 0
22 19 1 0
5 16 1 0
26 15 1 0
2 14 1 0
13 10 1 0
16 5 1 0
8 4 1 0
26 11 1 0
18 10 1 0
10 4 1 0
2 19 1 0
22 11 1 0
18 18 1 0
14 7 1 0
0 0 1 0
12 14 1 0
21 19 1 0
15 9 1 0
17 15 1 0
19 1 1 0
7 0 1 0
18 6 1 0
23 1 1 0
17 10 1 0
23 12 1 0
12 4 1 0
4 1 1 0
18 9 1 0
16 11 1 0
29 15 1 0
23 16 1 0
20 5 1 0
6 12 1 0
22 2 2 0
12 18 2 0
4 1 2 0
7 18 2 0
11 4 2 0
7 10 2 0
24 11 2 0
15 19 2 0
9 12 2 0
27 6 2 0
20 5 2 0
26 15 2 0
24 17 2 0
7 1 2 0
11 3 2 0
23 19 2 0
22 19 2 0
14 15 2 0
16 14 2 0
1 11 2 0
10 8 2 0
29 8 2 0
21 0 2 0
0 7 2 0
1 0 2 0
26 9 2 0
29 1 2 0
22 3 2 0
25 1 2 0
2 14 2 0
25 15 2 0
7 19 2 0
23 16 2 0
11 6 2 0
25 16 2 0
24 16 2 0
15 10 2 0
8 2 2 0
25 7 2 0
19 5 2 0
29 11 2 0
12 10 2 0
18 10 2 0
11 7 2 0
12 7 2 0
19 11 2 0
0 19 2 0
21 16 2 0
25 4 2 0
4 3 2 0
-1 -1 -1 -1
